0.310000 102.500000 6.873210 294.943978 182187056704585472.000000 7199529975158551552.000000 19.991972
0.325000 100.509546 6.867350 294.973521 182672529388210784.000000 7248115146761733120.000000 20.033602
0.335000 90.667719 6.841936 294.990133 182871323657590880.000000 7320456060269024256.000000 20.013657
0.340000 74.230080 6.780150 295.023824 183888808765062208.000000 7451535551776072704.000000 20.025594
0.345000 60.892254 6.698896 295.068172 185217592029619776.000000 7627088840566665216.000000 20.037907
0.350000 51.825963 6.612126 295.116383 186596325475677408.000000 7823130677082256384.000000 20.043439
0.355000 46.836082 6.545996 295.153718 187513030292196352.000000 7982789515635695616.000000 20.030803
0.360000 42.803284 6.477015 295.193200 188437592494375008.000000 8155767395156539392.000000 20.012273
0.365000 40.140089 6.421021 295.227198 189229327123382944.000000 8303845918751549440.000000 19.999940
0.370000 37.896041 6.365189 295.262324 190056239643564672.000000 8456457068477489152.000000 19.990182
0.375000 36.288578 6.319274 295.292788 190762419649773056.000000 8588233028207393792.000000 19.983653
0.380000 32.047110 6.161191 295.400269 193816309166640768.000000 9033858804392340480.000000 20.019895
0.385000 28.247768 5.959552 295.543702 197331254806209024.000000 9670010225402695680.000000 20.006675
0.390000 25.695083 5.769621 295.699377 201199308226018592.000000 10351130088475686912.000000 20.028482
0.395000 24.041101 5.616711 295.837086 204264341134559392.000000 10972577170122461184.000000 20.023574
0.415000 20.037638 5.090827 296.437129 215997932843996032.000000 13749109877072095232.000000 19.986568
0.420000 19.710751 5.028150 296.534791 218000936530329728.000000 14172145847890190336.000000 20.021503
0.425000 19.148680 4.933223 296.672502 219985333062832160.000000 14852079394438760448.000000 19.970816
0.430000 18.872436 4.869076 296.786333 222251071773760224.000000 15345540633995071488.000000 20.014965
0.445000 17.774449 4.634652 297.217547 228697068072345120.000000 17405720008676022272.000000 19.969534
0.475000 16.497332 4.299553 298.042321 239998918618546592.000000 21307401404913676288.000000 19.953394
0.490000 16.107773 4.172286 298.444525 245074120121848576.000000 23191507298933948416.000000 19.962049
0.495000 16.032421 4.147029 298.533420 246097377611088064.000000 23610429757313585152.000000 19.960505
0.520000 15.523658 3.941494 299.342967 255832359254825760.000000 27355726509144887296.000000 20.014614
0.525000 15.527675 3.950144 299.308466 254960824287003200.000000 27233542244313063424.000000 19.975189
0.530000 15.470767 3.918317 299.459968 256892913230525312.000000 27895023072948015104.000000 20.008013
0.535000 15.409955 3.893232 299.577634 258111785580164480.000000 28445451313095864320.000000 20.007562
0.540000 15.270794 3.853812 299.753796 259628754420341344.000000 29322834098789994496.000000 19.973961
0.545000 15.195638 3.820856 299.918837 261337605524328384.000000 30092037267071152128.000000 19.976477
0.550000 15.170601 3.809749 299.981677 261896582997610080.000000 30386493845946748928.000000 19.973764
0.555000 15.010131 3.736196 300.369007 265937573851278848.000000 32185962873633689600.000000 19.985777
0.560000 14.976832 3.720040 300.466342 266831304941221728.000000 32638574291543023616.000000 19.984730
0.590000 14.827111 3.630180 301.053567 272144653929081728.000000 35348934830300176384.000000 19.987237
0.595000 14.747768 3.610614 301.183618 273409580464063488.000000 35960527473902944256.000000 19.992993
0.600000 14.684132 3.574928 301.427587 275605121824582016.000000 37084611311231787008.000000 19.993364
0.605000 14.739419 3.571765 301.473956 276162041820161728.000000 37232065954897002496.000000 20.017011
0.610000 14.695651 3.548078 301.646777 277680128197780224.000000 38027282106379755520.000000 20.017733
0.615000 14.673403 3.534109 301.756407 278600834887139776.000000 38528919024006062080.000000 20.017846
0.620000 14.611421 3.521948 301.841549 278927925621561376.000000 38983523461021761536.000000 19.982757
0.625000 14.572241 3.498554 302.024915 280511504440056960.000000 39822405295443869696.000000 19.985045
0.630000 14.549698 3.484709 302.141115 281468188457387648.000000 40352694095811715072.000000 19.985590
0.635000 14.500386 3.454618 302.387184 283576615719464032.000000 41475542544360136704.000000 19.989304
0.640000 14.465695 3.432612 302.577055 285151991700237024.000000 42340290428722659328.000000 19.991140
0.645000 14.433920 3.411983 302.761260 286656512563548416.000000 43177830373005729792.000000 19.992658
0.650000 14.405808 3.393205 302.934879 288050818751004768.000000 43965786048249970688.000000 19.993809
0.655000 14.373329 3.371569 303.138660 289682991506445184.000000 44889911989888679936.000000 19.995317
0.660000 14.349903 3.355044 303.301963 290955601230362496.000000 45628243957172133888.000000 19.996039
0.665000 14.326433 3.338273 303.471539 292266355939420032.000000 46393912706574467072.000000 19.996762
0.675000 14.398377 3.354118 303.364391 291417900919640768.000000 45843465368953659392.000000 20.014042
0.735000 14.220809 3.211575 305.005194 303173447678288384.000000 53221319305528442880.000000 20.000897
